0 0.08473154362416108 0.06442992874109264 0.1476510067114094 0.08847980997624703
0 0.5465604026845637 0.06858669833729217 0.4773489932885906 0.06828978622327792
0 0.10654362416107382 0.1347980997624703 0.12751677852348994 0.019002375296912115
0 0.5083892617449665 0.23070071258907363 0.9446308724832215 0.16330166270783847
0 0.08179530201342282 0.33224465558194777 0.10151006711409397 0.019596199524940617
0 0.2080536912751678 0.46585510688836107 0.34731543624161076 0.2345605700712589
0 0.07885906040268456 0.5959026128266033 0.09563758389261745 0.013657957244655582
0 0.5532718120805369 0.33224465558194777 0.29949664429530204 0.01840855106888361
0 0.6875 0.36134204275534443 0.5796979865771812 0.030285035629453682
0 0.514261744966443 0.5394893111638955 0.2214765100671141 0.01840855106888361
0 0.6916946308724832 0.6333135391923991 0.5813758389261745 0.15498812351543942
0 0.46434563758389263 0.732185273159145 0.12835570469798657 0.019002375296912115
0 0.6904362416107382 0.7615795724465558 0.5738255033557047 0.030285035629453682
0 0.6904362416107382 0.8450118764845606 0.5738255033557047 0.12945368171021376
0 0.20469798657718122 0.7586104513064132 0.34060402684563756 0.3010688836104513
0 0.6891778523489933 0.45219714964370544 0.5864093959731543 0.14311163895486936
